Jugador_01: 8,5,2,0,5,6,7,8,0,0,0,10
Jugador_02: 9,4,0,2,5,6,7,8,0,0,10,0
Jugador_03: 10,3,1,0,8,6,5,0,0,10,0,0
Jugador_04: 2,8,6,4,7,6,1,4,10,1,0,0
Jugador_05: 1,9,7,2,3,5,6,10,3,7,2,1
Jugador_06: 3,8,5,6,3,7,10,8,1,4,9,2
Jugador_07: 2,1,7,0,6,10,8,4,9,3,0,5
Jugador_08: 6,3,8,2,10,5,5,5,6,7,4,1
Jugador_09: 4,1,5,10,2,7,3,4,1,9,2,0
Jugador_10: 0,5,10,3,4,7,8,9,2,1,4,0
Jugador_11: 0,10,1,7,8,4,2,9,2,1,0,6
Jugador_12: 10,5,1,5,2,6,8,9,3,0,0,4
Jugador_13: 2,2,1,4,3,7,1,0,1,2,6,0
Jugador_14: 2,2,1,4,3,7,1,0,1,2,6,0
Jugador_15: 2,2,1,4,3,7,1,0,1,2,6,0